4294967279,74
4294967279,73
4294967279,72
4294967279,71
4294967279,70
4294967279,69
4294967279,435
4294967279,138
4294967279,278
4294967279,136
4294967294,12
4294967294,11
4294967279,68
4294967279,67
4294967279,66
4294967279,65
4294967279,64
4294967279,63
4294967279,62
4294967279,58
4294967279,57
4294967279,56
4294967279,55
4294967279,54
4294967279,53
4294967279,52
4294967279,51
4294967279,50
4294967279,49
4294967279,45
4294967279,44
4294967279,41
4294967279,40
4294967279,36
4294967279,35
4294967279,34
4294967279,33
4294967279,32
4294967279,31
4294967279,26
4294967279,25
4294967279,24
4294967279,17
4294967279,16
4294967279,15
4294967279,13
4294967279,12
4294967279,10
4294967279,23
4294967279,276
4294967279,22
4294967279,134
4294967279,21
4294967279,425
4294967279,290
4294967279,271
343,4
4294967279,270
343,3
343,2
343,1
4294967279,288
4294967279,269
4294967279,11
4294967279,287
342,4
4294967279,267
342,3
342,2
342,1
4294967279,335
4294967294,176
4294967294,969
4294967294,163
4294967294,161
4294967294,1037
4294967279,266
4294967294,1031
4294967279,264
341,4
4294967279,263
341,3
341,2
341,1
4294967279,442
4294967294,120
4294967279,262
4294967279,284
4294967279,259
4294967279,258
340,4
4294967278,324
340,3
340,2
340,1
4294967278,323
4294967278,322
4294967278,321
339,4
4294967278,320
339,3
339,2
339,1
4294967278,319
4294967278,318
4294967278,317
338,4
4294967278,316
338,3
338,2
338,1
4294967278,315
4294967278,254
4294967278,253
337,4
4294967278,252
337,3
337,2
337,1
4294967278,334
4294967294,390
4294967278,250
4294967294,430
4294967278,303
4294967294,89
4294967278,247
4294967278,249
4294967278,243
4294967294,186
4294967294,29
4294967294,1421
4294967294,441
4294967278,241
4294967294,99
4294967294,107
4294967294,81
4294967294,50
4294967294,92
4294967294,91
4294967294,88
4294967294,86
4294967294,85
4294967294,1419
4294967294,83
4294967294,1020
4294967294,53
4294967294,52
4294967294,1422
4294967294,393
4294967294,1420
4294967294,39
4294967294,41
4294967294,36
4294967294,38
4294967294,43
4294967294,51
4294967294,8
4294967294,7
4294967278,239
4294967294,6
4294967278,132
4294967278,131
4294967278,130
4294967278,129
4294967278,128
4294967278,127
4294967278,126
4294967278,125
4294967278,124
4294967278,123
4294967278,122
4294967278,121
4294967278,120
4294967278,119
4294967278,118
4294967278,117
4294967278,116
4294967278,115
4294967278,114
4294967278,111
4294967278,110
4294967278,109
4294967278,106
4294967278,105
4294967278,104
4294967278,103
4294967278,102
4294967278,101
4294967278,98
4294967278,97
4294967278,96
4294967278,95
4294967278,94
4294967278,91
4294967278,90
4294967278,89
4294967278,87
4294967278,84
4294967278,83
4294967278,82
4294967278,81
4294967278,80
4294967278,448
4294967278,79
4294967278,460
4294967278,78
4294967278,362
4294967278,77
4294967278,454
4294967278,76
4294967278,341
4294967278,75
4294967278,453
4294967278,74
4294967278,297
4294967278,73
4294967278,296
4294967278,72
4294967278,71
4294967278,0
4294967278,380
4294967278,70
4294967278,69
4294967278,68
4294967278,67
4294967278,66
4294967278,65
4294967278,64
4294967279,84
4294967279,77
4294967279,76
4294967279,333
4294967279,75
4294967279,298
4294967279,306
4294967279,305
4294967279,61
4294967279,60
4294967279,59
4294967279,48
4294967279,47
4294967279,46
4294967279,43
4294967279,42
4294967279,39
4294967279,38
4294967279,37
4294967279,30
4294967279,29
4294967279,28
4294967279,27
4294967279,20
4294967279,19
4294967279,18
4294967279,14
4294967279,9
4294967279,8
4294967279,7
4294967279,6
4294967279,5
4294967279,4
4294967278,112
4294967278,234
4294967278,113
4294967278,314
4294967278,467
336,6
4294967278,108
4294967278,232
4294967278,230
336,5
336,4
4294967278,228
336,3
336,2
336,1
4294967278,227
4294967278,226
4294967278,107
4294967278,224
4294967278,225
4294967278,222
335,6
4294967294,22
4294967278,218
335,5
4294967278,216
335,4
335,3
335,2
335,1
4294967278,214
4294967278,99
4294967294,388
4294967278,211
4294967278,100
4294967278,367
4294967278,245
334,7
4294967278,210
4294967278,209
334,6
334,5
4294967278,208
334,4
334,3
334,2
334,1
4294967278,207
4294967294,37
4294967294,40
4294967278,92
4294967294,971
4294967294,975
4294967294,1021
4294967278,204
4294967294,392
4294967294,46
4294967294,114
4294967278,93
4294967278,304
4294967278,348
333,5
4294967278,203
4294967278,202
333,4
333,3
333,2
333,1
4294967278,201
4294967278,85
4294967294,2
4294967294,0
4294967294,1
